 Config#           4
          15           5 Number of dets in basisNumber of csfs
            1110   1000000000000
 -0.31463019586646812       -4.1015317268936218E-015  0.42251405586413787       -9.7337986687564257E-002 -0.14358617306105170     
           10110    100000000000
  0.36330365655677560       -8.2205380401718025E-015 -0.48787720777647203        1.9429210958658745E-002  0.17223489200201422     
           11010     10000000000
 -0.31463019586643620       -1.1405848622024853E-014  0.42251405586384227        8.5249768766768180E-002 -0.15622624069099988     
      1000010010           10000
   0.0000000000000000       0.63245553203370408        5.2941081635213482E-016   8.7422128612083344E-002  -6.0520028588036904E-003
     10000001010           10000
  0.25884863005848008      -0.22360679774996686       0.24598307720113605      -0.34802044396548298       0.17441715988701140     
     10000010010            1000
 -0.25884863005848008      -0.22360679774998027      -0.24598307720111176      -0.42346612959825386      -0.12100918386465553     
     10000011000              10
  0.25884863005848008        1.0354927811901916E-014   2.1599168010305116E-002 -0.12890944302421772      -0.47444458798261507     
    100000000110           10000
 -0.29889265248669183        6.2383982237945236E-015 -0.28403679167844914        3.9894010921553744E-002 -0.17634168182876059     
    100000001010            1000
   0.0000000000000000       -3.4695505251876214E-014  -4.3141879892224117E-013  -2.4943682439080052E-002   1.7267851950125582E-003
    100000010010             100
  0.29889265248669183       -3.1803507356755939E-014  0.28403679167848439       -3.7898516326430515E-002  0.17620353901316013     
    100000010100              10
 -0.29889265248669183        9.4340368654147013E-015  -2.4940570932344714E-002   3.0984638411880382E-002  0.55600105340748696     
   1000000000110            1000
  0.25884863005851233       0.22360679774992367       0.24598307720079546      -0.52638929768313270       0.18676516410216135     
   1000000001010             100
 -0.25884863005851233       0.22360679774990294      -0.24598307720090823      -0.60981696169647337      -0.10810860838661147     
   1000000001100              10
  0.25884863005851233        3.0506109167706909E-015   2.1599168010006862E-002   5.3678312430114949E-002 -0.48708465561255904     
  10000000000110             100
   0.0000000000000000      -0.63245553203369809       -5.5532408262621299E-014  -4.1525752924110718E-002   2.8747180993783325E-003
