 Config#           1
           1           1 Number of dets in basisNumber of csfs
 CSF #           1 :
           10110              10       -1.0000000000
 Config#           2
           1           1 Number of dets in basisNumber of csfs
 CSF #           1 :
           11100            1000       -1.0000000000
 Config#           3
           2           1 Number of dets in basisNumber of csfs
 CSF #           1 :
   1010000000010              10       -0.4472135955
  10001000000010              10        0.8944271910
 Config#           4
          15           5 Number of dets in basisNumber of csfs
 CSF #           1 :
            1110   1000000000000       -0.3146301959
           10110    100000000000        0.3633036566
           11010     10000000000       -0.3146301959
      1000010010           10000        0.0000000000
     10000001010           10000        0.2588486301
     10000010010            1000       -0.2588486301
     10000011000              10        0.2588486301
    100000000110           10000       -0.2988926525
    100000001010            1000        0.0000000000
    100000010010             100        0.2988926525
    100000010100              10       -0.2988926525
   1000000000110            1000        0.2588486301
   1000000001010             100       -0.2588486301
   1000000001100              10        0.2588486301
  10000000000110             100        0.0000000000
 CSF #           2 :
            1110   1000000000000       -0.0000000000
           10110    100000000000       -0.0000000000
           11010     10000000000       -0.0000000000
      1000010010           10000        0.6324555320
     10000001010           10000       -0.2236067977
     10000010010            1000       -0.2236067977
     10000011000              10        0.0000000000
    100000000110           10000        0.0000000000
    100000001010            1000       -0.0000000000
    100000010010             100       -0.0000000000
    100000010100              10        0.0000000000
   1000000000110            1000        0.2236067977
   1000000001010             100        0.2236067977
   1000000001100              10        0.0000000000
  10000000000110             100       -0.6324555320
 CSF #           3 :
            1110   1000000000000        0.4225140559
           10110    100000000000       -0.4878772078
           11010     10000000000        0.4225140559
      1000010010           10000        0.0000000000
     10000001010           10000        0.2459830772
     10000010010            1000       -0.2459830772
     10000011000              10        0.0215991680
    100000000110           10000       -0.2840367917
    100000001010            1000       -0.0000000000
    100000010010             100        0.2840367917
    100000010100              10       -0.0249405709
   1000000000110            1000        0.2459830772
   1000000001010             100       -0.2459830772
   1000000001100              10        0.0215991680
  10000000000110             100       -0.0000000000
 CSF #           4 :
            1110   1000000000000       -0.0973379867
           10110    100000000000        0.0194292110
           11010     10000000000        0.0852497688
      1000010010           10000        0.0874221286
     10000001010           10000       -0.3480204440
     10000010010            1000       -0.4234661296
     10000011000              10       -0.1289094430
    100000000110           10000        0.0398940109
    100000001010            1000       -0.0249436824
    100000010010             100       -0.0378985163
    100000010100              10        0.0309846384
   1000000000110            1000       -0.5263892977
   1000000001010             100       -0.6098169617
   1000000001100              10        0.0536783124
  10000000000110             100       -0.0415257529
 CSF #           5 :
            1110   1000000000000       -0.1435861731
           10110    100000000000        0.1722348920
           11010     10000000000       -0.1562262407
      1000010010           10000       -0.0060520029
     10000001010           10000        0.1744171599
     10000010010            1000       -0.1210091839
     10000011000              10       -0.4744445880
    100000000110           10000       -0.1763416818
    100000001010            1000        0.0017267852
    100000010010             100        0.1762035390
    100000010100              10        0.5560010534
   1000000000110            1000        0.1867651641
   1000000001010             100       -0.1081086084
   1000000001100              10       -0.4870846556
  10000000000110             100        0.0028747181
