 Config#           1
           1           1 Number of dets in basisNumber of csfs
 CSF #           1 :
           10110              10       -1.0000000000        0.0000000000
 Config#           2
           1           1 Number of dets in basisNumber of csfs
 CSF #           1 :
           11100            1000       -1.0000000000        0.0000000000
 Config#           3
           2           1 Number of dets in basisNumber of csfs
 CSF #           1 :
   1010000000010              10       -0.4472135955        0.4472135955
  10001000000010              10        0.8944271910       -0.8944271910
 Config#           4
          15           5 Number of dets in basisNumber of csfs
 CSF #           1 :
            1110   1000000000000       -0.3146301959       -0.0000000000
           10110    100000000000        0.3633036566       -0.0000000000
           11010     10000000000       -0.3146301959       -0.0000000000
      1000010010           10000        0.0000000000        0.6324555320
     10000001010           10000        0.2588486301       -0.2236067977
     10000010010            1000       -0.2588486301       -0.2236067977
     10000011000              10        0.2588486301        0.0000000000
    100000000110           10000       -0.2988926525        0.0000000000
    100000001010            1000        0.0000000000       -0.0000000000
    100000010010             100        0.2988926525       -0.0000000000
    100000010100              10       -0.2988926525        0.0000000000
   1000000000110            1000        0.2588486301        0.2236067977
   1000000001010             100       -0.2588486301        0.2236067977
   1000000001100              10        0.2588486301        0.0000000000
  10000000000110             100        0.0000000000       -0.6324555320
 CSF #           2 :
            1110   1000000000000        0.4225140559       -0.0973379867
           10110    100000000000       -0.4878772078        0.0194292110
           11010     10000000000        0.4225140559        0.0852497688
      1000010010           10000        0.0000000000        0.0874221286
     10000001010           10000        0.2459830772       -0.3480204440
     10000010010            1000       -0.2459830772       -0.4234661296
     10000011000              10        0.0215991680       -0.1289094430
    100000000110           10000       -0.2840367917        0.0398940109
    100000001010            1000       -0.0000000000       -0.0249436824
    100000010010             100        0.2840367917       -0.0378985163
    100000010100              10       -0.0249405709        0.0309846384
   1000000000110            1000        0.2459830772       -0.5263892977
   1000000001010             100       -0.2459830772       -0.6098169617
   1000000001100              10        0.0215991680        0.0536783124
  10000000000110             100       -0.0000000000       -0.0415257529
 CSF #           3 :
            1110   1000000000000       -0.1435861731        0.2595224428
           10110    100000000000        0.1722348920       -0.2996707044
           11010     10000000000       -0.1562262407        0.2595224428
      1000010010           10000       -0.0060520029        0.0000000000
     10000001010           10000        0.1744171599       -0.2874858286
     10000010010            1000       -0.1210091839        0.2874858286
     10000011000              10       -0.4744445880       -0.2595224428
    100000000110           10000       -0.1763416818        0.3319600411
    100000001010            1000        0.0017267852        0.0000000000
    100000010010             100        0.1762035390       -0.3319600411
    100000010100              10        0.5560010534        0.2996707044
   1000000000110            1000        0.1867651641       -0.2874858286
   1000000001010             100       -0.1081086084        0.2874858286
   1000000001100              10       -0.4870846556       -0.2595224428
  10000000000110             100        0.0028747181       -0.0000000000
 CSF #           4 :
            1110   1000000000000        0.2592972542       -0.0265263179
           10110    100000000000       -0.2994106791       -0.0609122855
           11010     10000000000        0.2592972542        0.1532631700
      1000010010           10000       -0.0263412567        0.0176842119
     10000001010           10000       -0.2779233355       -0.3261754643
     10000010010            1000        0.2965494168       -0.3851228374
     10000011000              10       -0.2592972542       -0.1532631700
    100000000110           10000        0.3316719982        0.0481403547
    100000001010            1000       -0.0000000000       -0.0245614054
    100000010010             100       -0.3316719982       -0.0461754422
    100000010100              10        0.2994106791        0.0609122855
   1000000000110            1000       -0.2965494168       -0.5501754819
   1000000001010             100        0.2779233355       -0.6169825048
   1000000001100              10       -0.2592972542        0.0265263179
  10000000000110             100        0.0263412567        0.0275087741
 CSF #           5 :
            1110   1000000000000       -0.2592972542       -0.2595224428
           10110    100000000000        0.2994106791        0.2996707044
           11010     10000000000       -0.2592972542       -0.2595224428
      1000010010           10000        0.0263412567       -0.0000000000
     10000001010           10000        0.2779233355        0.2874858286
     10000010010            1000       -0.2965494168       -0.2874858286
     10000011000              10        0.2592972542        0.2595224428
    100000000110           10000       -0.3316719982       -0.3319600411
    100000001010            1000       -0.0000000000       -0.0000000000
    100000010010             100        0.3316719982        0.3319600411
    100000010100              10       -0.2994106791       -0.2996707044
   1000000000110            1000        0.2965494168        0.2874858286
   1000000001010             100       -0.2779233355       -0.2874858286
   1000000001100              10        0.2592972542        0.2595224428
  10000000000110             100       -0.0263412567       -0.0000000000
