 Config#           1
           1           1 Number of dets in zbasisNumber of csfs
           11110              10
  -0.0000000000000000       0.50000000855713567     
 Config#           2
           8           1 Number of dets in zbasisNumber of csfs
    110000000110              10
 -0.18257418896024730      -0.10372922373902167     
    110000010010              10
 -0.11180340078837044       -0.0000000000000000     
   1100000000110              10
  -0.0000000000000000       0.11180340078837044     
   1100000010010              10
   0.0000000000000000       0.11180340078837044     
     11000000110              10
  0.11180340078837044        0.0000000000000000     
     11000010010              10
   0.0000000000000000        9.1287094479836670E-002
   1001000000110              10
   9.1287094479836670E-002   0.0000000000000000     
   1001000010010              10
   9.1287094479836670E-002   0.0000000000000000     
