 Config#           4
          17           5 Number of dets in zbasisNumber of csfs
            1110     10000000000
   0.0000000000000000      -0.16301161040110951      -0.22360679775010026       0.44721359549996009       -2.2925425754709931E-013  -1.3602216706866101E-002  -1.3548051858382320        7.8184407386923394E-002   9.3789581516398796E-002  0.29899205390023059     
            1110   1000000000000
 -0.11123857253161563       -0.0000000000000000       -1.4501104486691255E-015  -0.0000000000000000       0.14938127702408183        0.0000000000000000       -3.4414175226911287E-002  -0.0000000000000000       -5.0765378328047422E-002  -0.0000000000000000     
           11010     10000000000
  -0.0000000000000000       0.11123857253161563       -0.0000000000000000        1.4501104486691255E-015   0.0000000000000000      -0.14938127702408183       -0.0000000000000000        3.4414175226911287E-002  -0.0000000000000000        5.0765378328047422E-002
           11010   1000000000000
  -0.0000000000000000       0.11123857253161563       -0.0000000000000000        1.4501104486691255E-015   0.0000000000000000      -0.14938127702408183       -0.0000000000000000        3.4414175226911287E-002  -0.0000000000000000        5.0765378328047422E-002
           10110    100000000000
  0.11123857253161563        0.0000000000000000        1.4501104486691255E-015   0.0000000000000000      -0.14938127702408183       -0.0000000000000000        3.4414175226911287E-002   0.0000000000000000        5.0765378328047422E-002   0.0000000000000000     
            1110     10000000000
   0.0000000000000000      -0.25689447918116454       -0.0000000000000000        5.8127981932074537E-015  -0.0000000000000000       0.34498128200510164        0.0000000000000000       -1.3738526821971582E-002   0.0000000000000000      -0.12178846009155693     
            1110   1000000000000
  0.11123857253160435       -0.0000000000000000        4.0325764529105066E-015  -0.0000000000000000      -0.14938127702397733        0.0000000000000000       -3.0140344794783464E-002   0.0000000000000000        5.5234317095943883E-002  -0.0000000000000000     
           11010     10000000000
  -0.0000000000000000       0.11123857253160435       -0.0000000000000000        4.0325764529105066E-015   0.0000000000000000      -0.14938127702397733        0.0000000000000000       -3.0140344794783464E-002  -0.0000000000000000        5.5234317095943883E-002
           11010   1000000000000
  -0.0000000000000000       0.11123857253160435       -0.0000000000000000        4.0325764529105066E-015   0.0000000000000000      -0.14938127702397733        0.0000000000000000       -3.0140344794783464E-002  -0.0000000000000000        5.5234317095943883E-002
      1000000110             100
 -0.11123857253160435       -0.0000000000000000       -4.0325764529105066E-015  -0.0000000000000000       0.14938127702397733        0.0000000000000000        3.0140344794783464E-002   0.0000000000000000       -5.5234317095943883E-002  -0.0000000000000000     
      1000000110           10000
   0.0000000000000000        0.0000000000000000        0.0000000000000000       0.22360679774998896        0.0000000000000000        1.8717498913805025E-016   0.0000000000000000        3.0908389983683320E-002  -0.0000000000000000       -2.1397061306102309E-003
      1000010010             100
   0.0000000000000000        0.0000000000000000       0.22360679774998896        0.0000000000000000        1.8717498913805025E-016   0.0000000000000000        3.0908389983683320E-002   0.0000000000000000       -2.1397061306102309E-003  -0.0000000000000000     
      1000010010           10000
   0.0000000000000000        0.0000000000000000       0.22360679774998896        0.0000000000000000        1.8717498913805025E-016   0.0000000000000000        3.0908389983683320E-002   0.0000000000000000       -2.1397061306102309E-003  -0.0000000000000000     
  10000000000110             100
   0.0000000000000000       -0.0000000000000000        0.0000000000000000      -0.22360679774998896        0.0000000000000000       -1.8717498913805025E-016   0.0000000000000000       -3.0908389983683320E-002  -0.0000000000000000        2.1397061306102309E-003
  10000000000110           10000
  -0.0000000000000000        0.0000000000000000      -0.22360679774998896        0.0000000000000000       -1.8717498913805025E-016   0.0000000000000000       -3.0908389983683320E-002   0.0000000000000000        2.1397061306102309E-003  -0.0000000000000000     
  10000000010010             100
   0.0000000000000000        0.0000000000000000        0.0000000000000000       0.22360679774998896        0.0000000000000000        1.8717498913805025E-016   0.0000000000000000        3.0908389983683320E-002  -0.0000000000000000       -2.1397061306102309E-003
  10000000010010           10000
   0.0000000000000000        0.0000000000000000        0.0000000000000000       0.22360679774998896        0.0000000000000000        1.8717498913805025E-016   0.0000000000000000        3.0908389983683320E-002  -0.0000000000000000       -2.1397061306102309E-003
