 Config#           1
           1           1 Number of dets in zbasisNumber of csfs
           11110              10
  -0.0000000000000000        1.0000000000000002     
 Config#           2
           8           1 Number of dets in zbasisNumber of csfs
     11000000110              10
   0.0000000000000000       0.25819888974755834     
    110000010010              10
   0.0000000000000000       0.44721359549975193     
   1001000010010              10
   0.0000000000000000      -0.25819888974755834     
   1010000001010              10
   0.0000000000000000      -0.25819888974558119     
   1100000000110              10
   0.0000000000000000       0.44721359549975193     
  10001000001010              10
  -0.0000000000000000       0.51639777949467525     
  10010000010010              10
   0.0000000000000000      -0.25819888974755834     
  11000000000110              10
   0.0000000000000000      -0.25819888974755834     
