 Config#           4
          41           5 Number of dets in zbasisNumber of csfs
            1110     10000000000
  -1.5959455978986625E-014  -0.0000000000000000        3.6521584475656163E-015  -0.0000000000000000        1.4779844015322396E-013   0.0000000000000000       -9.1293877727166239E-002   0.0000000000000000        6.3200338149740909E-003  -0.0000000000000000     
            1110   1000000000000
  -0.0000000000000000       0.15731509793321813       -0.0000000000000000        5.7029243110124280E-015   0.0000000000000000      -0.21125702793192119        0.0000000000000000       -4.2624884383384097E-002  -0.0000000000000000        7.8113120345499956E-002
            1110   1000000000000
  -0.0000000000000000       0.15731509793323409       -0.0000000000000000        2.0507658634468113E-015   0.0000000000000000      -0.21125702793206899       -0.0000000000000000        4.8668993343782142E-002  -0.0000000000000000        7.1793086530525865E-002
           10110    100000000000
   0.0000000000000000      -0.36330365655677566       -0.0000000000000000        8.2205380401718041E-015  -0.0000000000000000       0.48787720777647214        0.0000000000000000       -1.9429210958658748E-002   0.0000000000000000      -0.17223489200201425     
           11010     10000000000
  -0.0000000000000000       0.31463019586645224       -0.0000000000000000        7.7536901744592397E-015   0.0000000000000000      -0.42251405586399016        0.0000000000000000        6.0441089603980452E-003  -0.0000000000000000       0.14990620687602582     
           11010   1000000000000
 -0.15731509793321813       -0.0000000000000000       -5.7029243110124280E-015  -0.0000000000000000       0.21125702793192119        0.0000000000000000        4.2624884383384097E-002   0.0000000000000000       -7.8113120345499956E-002  -0.0000000000000000     
           11010   1000000000000
  0.15731509793323409        0.0000000000000000        2.0507658634468113E-015   0.0000000000000000      -0.21125702793206899       -0.0000000000000000        4.8668993343782142E-002   0.0000000000000000        7.1793086530525865E-002   0.0000000000000000     
      1000000110             100
   0.0000000000000000        0.0000000000000000        0.0000000000000000       0.44721359549997586        0.0000000000000000        1.9820846218197743E-014   0.0000000000000000        4.5589960726941221E-002   0.0000000000000000       -3.1560724616452925E-003
      1000000110           10000
   0.0000000000000000        0.0000000000000000      -0.22360679774998687       -0.0000000000000000       -1.9633671229059694E-014  -0.0000000000000000       -1.4681570743257899E-002  -0.0000000000000000        1.0163663310350614E-003   0.0000000000000000     
      1000000110           10000
   0.0000000000000000        0.0000000000000000       0.22360679774998898        0.0000000000000000        1.8717498913805028E-016   0.0000000000000000        3.0908389983683324E-002   0.0000000000000000       -2.1397061306102309E-003  -0.0000000000000000     
      1000010010             100
   0.0000000000000000        0.0000000000000000        2.1094237467877974E-015   0.0000000000000000       -1.9446496239921645E-014   0.0000000000000000        1.6226819240425426E-002   0.0000000000000000       -1.1233397995751694E-003   0.0000000000000000     
      1000010010           10000
   0.0000000000000000        0.0000000000000000       -0.0000000000000000      -0.22360679774998687       -0.0000000000000000       -1.9633671229059694E-014  -0.0000000000000000       -1.4681570743257899E-002   0.0000000000000000        1.0163663310350614E-003
      1000010010           10000
   0.0000000000000000       -0.0000000000000000        0.0000000000000000      -0.22360679774998898        0.0000000000000000       -1.8717498913805028E-016   0.0000000000000000       -3.0908389983683324E-002  -0.0000000000000000        2.1397061306102309E-003
     10000000110            1000
   1.6125989432680399E-014   0.0000000000000000       -2.8296809340133677E-014   0.0000000000000000       -1.5815126985785355E-013   0.0000000000000000      -0.47492771364069342       -0.0000000000000000        3.2877990118752906E-002   0.0000000000000000     
     10000001010             100
  -1.6125989432680399E-014   0.0000000000000000       -3.1960545321396694E-014   0.0000000000000000        1.1390888232654106E-013   0.0000000000000000      -0.47891870283097826       -0.0000000000000000        3.3154275750199962E-002   0.0000000000000000     
     10000001010           10000
  -0.0000000000000000      -0.12942431502925619        0.0000000000000000       0.11180339887495150       -0.0000000000000000      -0.12299153860045414       -0.0000000000000000      -0.30490848084823674       -0.0000000000000000       -5.4054304193305751E-002
     10000001010           10000
   0.0000000000000000      -0.12942431502924007       -0.0000000000000000       0.11180339887498346        0.0000000000000000      -0.12299153860056805       -0.0000000000000000       0.17401022198274152        0.0000000000000000       -8.7208579943505712E-002
     10000001100              10
   1.6125989432680399E-014   0.0000000000000000       -3.6521584475656132E-015   0.0000000000000000       -1.4912723833582220E-013   0.0000000000000000        9.1293877727166350E-002   0.0000000000000000       -6.3200338149719815E-003  -0.0000000000000000     
     10000010010            1000
   0.0000000000000000       0.25884863005849623        0.0000000000000000       0.22360679774995201        0.0000000000000000       0.24598307720095366       -0.0000000000000000       -5.1461584042439418E-002   0.0000000000000000       0.15388717398340845     
     10000011000              10
   0.0000000000000000      -0.25884863005849623        0.0000000000000000       -6.7027693643363045E-015   0.0000000000000000       -2.1599168010155993E-002   0.0000000000000000        3.7615565297051394E-002  -0.0000000000000000       0.48076462179758717     
    100000000110             100
   0.0000000000000000        0.0000000000000000       -1.2782554566480711E-014   0.0000000000000000        1.7624790515924360E-014   0.0000000000000000        9.9774729756161445E-004   0.0000000000000000       -6.9071407800228024E-005   0.0000000000000000     
    100000000110           10000
   0.0000000000000000       0.14944632624334594       -0.0000000000000000       -1.5901753678377973E-014   0.0000000000000000       0.14201839583924222       -0.0000000000000000       -1.8949258163215261E-002   0.0000000000000000        8.8101769506580080E-002
    100000000110           10000
  -0.0000000000000000       0.14944632624334594        0.0000000000000000       -3.1191991118972626E-015  -0.0000000000000000       0.14201839583922460        0.0000000000000000       -1.9947005460776875E-002  -0.0000000000000000        8.8170840914380308E-002
    100000001010            1000
   0.0000000000000000        0.0000000000000000       -3.4695505251876214E-014  -0.0000000000000000       -4.3141879892224117E-013  -0.0000000000000000       -2.4943682439080052E-002  -0.0000000000000000        1.7267851950125582E-003   0.0000000000000000     
    100000010010             100
   0.0000000000000000      -0.29889265248669189        0.0000000000000000        1.9020952790275235E-014   0.0000000000000000      -0.28403679167846685        0.0000000000000000        3.8896263623992136E-002   0.0000000000000000      -0.17627261042096037     
    100000010010           10000
  0.14944632624334594        0.0000000000000000       -1.5901753678377973E-014  -0.0000000000000000       0.14201839583924222        0.0000000000000000       -1.8949258163215261E-002  -0.0000000000000000        8.8101769506580080E-002   0.0000000000000000     
    100000010010           10000
 -0.14944632624334594       -0.0000000000000000        3.1191991118972626E-015   0.0000000000000000      -0.14201839583922460       -0.0000000000000000        1.9947005460776875E-002   0.0000000000000000       -8.8170840914380308E-002  -0.0000000000000000     
    100000010100              10
  -0.0000000000000000       0.29889265248669189        0.0000000000000000       -9.4340368654147029E-015  -0.0000000000000000        2.4940570932344721E-002   0.0000000000000000       -3.0984638411880389E-002   0.0000000000000000      -0.55600105340748707     
   1000000000110            1000
   0.0000000000000000      -0.25884863005849623        0.0000000000000000      -0.22360679774995201        0.0000000000000000      -0.24598307720095366       -0.0000000000000000        5.1461584042439418E-002   0.0000000000000000      -0.15388717398340845     
   1000000001010             100
   0.0000000000000000       0.25884863005849623        0.0000000000000000      -0.22360679774993497        0.0000000000000000       0.24598307720102219       -0.0000000000000000       0.13089825886549522        0.0000000000000000       0.14126288413681146     
   1000000001010           10000
 -0.12942431502925619       -0.0000000000000000       0.11180339887495150        0.0000000000000000      -0.12299153860045414       -0.0000000000000000      -0.30490848084823674       -0.0000000000000000       -5.4054304193305751E-002  -0.0000000000000000     
   1000000001010           10000
  0.12942431502924007        0.0000000000000000      -0.11180339887498346       -0.0000000000000000       0.12299153860056805        0.0000000000000000      -0.17401022198274152       -0.0000000000000000        8.7208579943505712E-002   0.0000000000000000     
   1000000001100              10
   0.0000000000000000      -0.25884863005849623        0.0000000000000000       -6.7027693643363045E-015   0.0000000000000000       -2.1599168010155993E-002   0.0000000000000000        3.7615565297051394E-002  -0.0000000000000000       0.48076462179758717     
   1000000010010            1000
   1.6125989432680399E-014   0.0000000000000000       -2.8296809340133677E-014   0.0000000000000000       -1.5815126985785355E-013   0.0000000000000000      -0.47492771364069342       -0.0000000000000000        3.2877990118752906E-002   0.0000000000000000     
   1000000011000              10
  -1.6125989432680399E-014   0.0000000000000000        3.6521584475656132E-015   0.0000000000000000        1.4912723833582220E-013   0.0000000000000000       -9.1293877727166350E-002  -0.0000000000000000        6.3200338149719815E-003   0.0000000000000000     
  10000000000110             100
  -0.0000000000000000        0.0000000000000000       -2.1094237467877974E-015   0.0000000000000000        1.9446496239921645E-014   0.0000000000000000       -1.6226819240425426E-002   0.0000000000000000        1.1233397995751694E-003  -0.0000000000000000     
  10000000000110           10000
   0.0000000000000000       -0.0000000000000000       -0.0000000000000000       0.22360679774998687       -0.0000000000000000        1.9633671229059694E-014  -0.0000000000000000        1.4681570743257899E-002   0.0000000000000000       -1.0163663310350614E-003
  10000000000110           10000
   0.0000000000000000        0.0000000000000000        0.0000000000000000       0.22360679774998898        0.0000000000000000        1.8717498913805028E-016   0.0000000000000000        3.0908389983683324E-002  -0.0000000000000000       -2.1397061306102309E-003
  10000000010010             100
   0.0000000000000000        0.0000000000000000        0.0000000000000000       0.44721359549997586        0.0000000000000000        1.9820846218197743E-014   0.0000000000000000        4.5589960726941221E-002   0.0000000000000000       -3.1560724616452925E-003
  10000000010010           10000
   0.0000000000000000        0.0000000000000000      -0.22360679774998687       -0.0000000000000000       -1.9633671229059694E-014  -0.0000000000000000       -1.4681570743257899E-002  -0.0000000000000000        1.0163663310350614E-003   0.0000000000000000     
  10000000010010           10000
   0.0000000000000000        0.0000000000000000       0.22360679774998898        0.0000000000000000        1.8717498913805028E-016   0.0000000000000000        3.0908389983683324E-002   0.0000000000000000       -2.1397061306102309E-003  -0.0000000000000000     
