 Config#           1
           1           1 Number of dets in zbasisNumber of csfs
 CSF #           1 :
           10110              10        0.0000000000        1.0000000000
 Config#           2
           1           1 Number of dets in zbasisNumber of csfs
 CSF #           1 :
           11100            1000        0.0000000000        1.0000000000
 Config#           3
           2           1 Number of dets in zbasisNumber of csfs
 CSF #           1 :
   1010000000010              10        0.0000000000        0.4472135955
  10001000000010              10        0.0000000000       -0.8944271910
 Config#           4
          31           5 Number of dets in zbasisNumber of csfs
 CSF #           1 :
            1110   1000000000000        0.0000000000        0.3146301959
           10110    100000000000        0.0000000000       -0.3633036566
           11010     10000000000        0.0000000000        0.3146301959
     10000001010           10000        0.0000000000       -0.2588486301
     10000010010            1000        0.0000000000        0.2588486301
     10000011000              10        0.0000000000       -0.2588486301
    100000000110           10000        0.0000000000        0.2988926525
    100000010010             100        0.0000000000       -0.2988926525
    100000010100              10        0.0000000000        0.2988926525
   1000000000110            1000        0.0000000000       -0.2588486301
   1000000001010             100        0.0000000000        0.2588486301
   1000000001100              10        0.0000000000       -0.2588486301
 CSF #           2 :
      1000000110             100        0.0000000000        0.4472135955
      1000010010           10000        0.0000000000       -0.4472135955
     10000001010           10000        0.0000000000        0.2236067977
     10000010010            1000        0.0000000000        0.2236067977
   1000000000110            1000        0.0000000000       -0.2236067977
   1000000001010             100        0.0000000000       -0.2236067977
  10000000000110           10000        0.0000000000        0.4472135955
  10000000010010             100        0.0000000000        0.4472135955
 CSF #           3 :
            1110   1000000000000        0.0000000000       -0.4225140559
           10110    100000000000        0.0000000000        0.4878772078
           11010     10000000000        0.0000000000       -0.4225140559
     10000001010           10000        0.0000000000       -0.2459830772
     10000010010            1000        0.0000000000        0.2459830772
     10000011000              10        0.0000000000       -0.0215991680
    100000000110           10000        0.0000000000        0.2840367917
    100000010010             100        0.0000000000       -0.2840367917
    100000010100              10        0.0000000000        0.0249405709
   1000000000110            1000        0.0000000000       -0.2459830772
   1000000001010             100        0.0000000000        0.2459830772
   1000000001100              10        0.0000000000       -0.0215991680
 CSF #           4 :
            1110     10000000000       -0.0912938777        0.0000000000
            1110   1000000000000        0.0000000000        0.0060441090
           10110    100000000000        0.0000000000       -0.0194292110
           11010     10000000000        0.0000000000        0.0060441090
           11010   1000000000000        0.0912938777        0.0000000000
      1000000110             100        0.0000000000        0.0455899607
      1000000110           10000        0.0162268192        0.0000000000
      1000010010             100        0.0162268192        0.0000000000
      1000010010           10000        0.0000000000       -0.0455899607
     10000000110            1000       -0.4749277136        0.0000000000
     10000001010             100       -0.4789187028        0.0000000000
     10000001010           10000        0.0000000000       -0.1308982589
     10000001100              10        0.0912938777        0.0000000000
     10000010010            1000        0.0000000000       -0.0514615840
     10000011000              10        0.0000000000        0.0376155653
    100000000110             100        0.0009977473        0.0000000000
    100000000110           10000        0.0000000000       -0.0388962636
    100000001010            1000       -0.0249436824        0.0000000000
    100000010010             100        0.0000000000        0.0388962636
    100000010010           10000        0.0009977473        0.0000000000
    100000010100              10        0.0000000000       -0.0309846384
   1000000000110            1000        0.0000000000        0.0514615840
   1000000001010             100        0.0000000000        0.1308982589
   1000000001010           10000       -0.4789187028        0.0000000000
   1000000001100              10        0.0000000000        0.0376155653
   1000000010010            1000       -0.4749277136        0.0000000000
   1000000011000              10       -0.0912938777        0.0000000000
  10000000000110             100       -0.0162268192        0.0000000000
  10000000000110           10000        0.0000000000        0.0455899607
  10000000010010             100        0.0000000000        0.0455899607
  10000000010010           10000        0.0162268192        0.0000000000
 CSF #           5 :
            1110     10000000000        0.0063200338        0.0000000000
            1110   1000000000000        0.0000000000        0.1499062069
           10110    100000000000        0.0000000000       -0.1722348920
           11010     10000000000        0.0000000000        0.1499062069
           11010   1000000000000       -0.0063200338        0.0000000000
      1000000110             100        0.0000000000       -0.0031560725
      1000000110           10000       -0.0011233398        0.0000000000
      1000010010             100       -0.0011233398        0.0000000000
      1000010010           10000        0.0000000000        0.0031560725
     10000000110            1000        0.0328779901        0.0000000000
     10000001010             100        0.0331542758        0.0000000000
     10000001010           10000        0.0000000000       -0.1412628841
     10000001100              10       -0.0063200338        0.0000000000
     10000010010            1000        0.0000000000        0.1538871740
     10000011000              10        0.0000000000        0.4807646218
    100000000110             100       -0.0000690714        0.0000000000
    100000000110           10000        0.0000000000        0.1762726104
    100000001010            1000        0.0017267852        0.0000000000
    100000010010             100        0.0000000000       -0.1762726104
    100000010010           10000       -0.0000690714        0.0000000000
    100000010100              10        0.0000000000       -0.5560010534
   1000000000110            1000        0.0000000000       -0.1538871740
   1000000001010             100        0.0000000000        0.1412628841
   1000000001010           10000        0.0331542758        0.0000000000
   1000000001100              10        0.0000000000        0.4807646218
   1000000010010            1000        0.0328779901        0.0000000000
   1000000011000              10        0.0063200338        0.0000000000
  10000000000110             100        0.0011233398        0.0000000000
  10000000000110           10000        0.0000000000       -0.0031560725
  10000000010010             100        0.0000000000       -0.0031560725
  10000000010010           10000       -0.0011233398        0.0000000000
